Adagio 719 85 2.18 0.26 400 35 2.67 0.23 75 3.9 1 0 20 6 20 6 6.8 0 3.2 0
Ardan 801 74 3.39 0.35 0 0 0 0 80 6.7 1 0.033 30 6 20 6 1.8 0 3.3 0
Blackfeather 765 65 0 0 0 0 0 0 81 7.18 1 .033 20 6 20 6 1.8 0 3.4 0
Catherine 772 67 4.06 0.35 200 24 1.33 0.16 74 6.1 1 0.033 25 5 25 8 1.5 0 3.4 0
Celeste 632 65 2.23 0.23 380 32 2.53 0.21 10 0 1 0.032 20 6 20 6 5 0 3.3 0
Fortress 658 82 4.30 0.51 300 15 1.56 0.15 80 7.00 1 0.04 20 6 20 5 1.8 0 3.4 0
Glaive 814 112 2.47 0.34 220 20 1.47 0.13 80 6.7 1 0.012 25 3.5 25 3.5 2.6 0 3.3 0
Joule 770 85 4.27 0.47 390 15 3.5 0.32 66 7.5 1 0 0 +5 22 10.1 2.4 0 3.4 0
Kestrel 615 72 0 0 404 8 0 0 64 3.18 1 0.033 20 6 20 6 6 0 3.1 0
Koshka 761 67 3.54 0.31 280 33 1.87 0.22 79 7.8 1 0.008 20 6 20 6 1.7 0 3.25 0
Krul 643 78 3.51 0.39 200 26 1.33 0.17 68 7.8 1 0.033 20 5 20 5 1.5 0 3.4 0
Ozo 780 95 0 0 350 27 0 0 80 7 1 .033 20 6 20 6 1.7 0 3.3 0
Petal 672 71 2.40 0.25 150 15 1.00 0.11 50 3.4 1 0.01 20 4 20 4 6.5 0 3.1 0
Phinn 960 93 3.39 0.35 220 20 0 0 95 5.4 1 0.012 30 5.1 30 5.1 1.9 0 2.8 0
Reim 739 105 0 0 220 22 0 0 80 6.73 1 0 25 2 25 2 1.9 0 3.1 0
Ringo 646 69 2.15 0.23 180 22 1.20 0.15 66 5.9 1 0.033 20 6 20 6 6.0 0 3.1 0
Rona 799 90 0 0 0 0 0 0 88 6.2 1 0.012 20 6 20 6 1.8 0 3.3 0
SAW 672 71 2.40 0.25 150 15 1.00 0.11 50 3.4 1 0.01 8 6 8 6 6.5 0 3.1 0
Skaarf 632 65 3.55 0.35 200 24 1.33 0.16 74 6.8 1 0 20 6 20 6 5.5 0 3.3 0
Skye 650 83 0 0 380 32 0 0 63 5.91 1 0.015 20 6 20 6 5 0 3.1 0
Taka 741 74 3.51 0.35 180 22 1.33 0.16 62 5.7 1 0.033 23 4.5 20 4 2 0 3.4 0
Vox 695 70 3.55 0.35 200 24 1.33 0.16 52 2.5 1 0.04 20 6 20 6 4.5 0 3.3 0
